('D = ', [0.161622604358285, -0.2739939131557458, 0.0003430829316272825, 0.00012019994017316955, 0.0])
('K = ', [503.0332069533456, 0.0, 321.5712473375021, 0.0, 502.9333282187785, 246.48470532707395, 0.0, 0.0, 1.0])
('R = ', [1.0, 0.0, 0.0, 0.0, 1.0, 0.0, 0.0, 0.0, 1.0])
('P = ', [513.8195190429688, 0.0, 321.70776233910146, 0.0, 0.0, 514.882080078125, 246.63999528418208, 0.0, 0.0, 0.0, 1.0, 0.0])
None
# oST version 5.0 parameters


[image]

width
640

height
480

[narrow_stereo]

camera matrix
503.033207 0.000000 321.571247
0.000000 502.933328 246.484705
0.000000 0.000000 1.000000

distortion
0.161623 -0.273994 0.000343 0.000120 0.000000

rectification
1.000000 0.000000 0.000000
0.000000 1.000000 0.000000
0.000000 0.000000 1.000000

projection
513.819519 0.000000 321.707762 0.000000
0.000000 514.882080 246.639995 0.000000
0.000000 0.000000 1.000000 0.000000


('D = ', [0.161622604358285, -0.2739939131557458, 0.0003430829316272825, 0.00012019994017316955, 0.0])
('K = ', [503.0332069533456, 0.0, 321.5712473375021, 0.0, 502.9333282187785, 246.48470532707395, 0.0, 0.0, 1.0])
('R = ', [1.0, 0.0, 0.0, 0.0, 1.0, 0.0, 0.0, 0.0, 1.0])
('P = ', [513.8195190429688, 0.0, 321.70776233910146, 0.0, 0.0, 514.882080078125, 246.63999528418208, 0.0, 0.0, 0.0, 1.0, 0.0])
None
# oST version 5.0 parameters


[image]

width
640

height
480

[narrow_stereo]

camera matrix
503.033207 0.000000 321.571247
0.000000 502.933328 246.484705
0.000000 0.000000 1.000000

distortion
0.161623 -0.273994 0.000343 0.000120 0.000000

rectification
1.000000 0.000000 0.000000
0.000000 1.000000 0.000000
0.000000 0.000000 1.000000

projection
513.819519 0.000000 321.707762 0.000000
0.000000 514.882080 246.639995 0.000000
0.000000 0.000000 1.000000 0.000000


('D = ', [0.161622604358285, -0.2739939131557458, 0.0003430829316272825, 0.00012019994017316955, 0.0])
('K = ', [503.0332069533456, 0.0, 321.5712473375021, 0.0, 502.9333282187785, 246.48470532707395, 0.0, 0.0, 1.0])
('R = ', [1.0, 0.0, 0.0, 0.0, 1.0, 0.0, 0.0, 0.0, 1.0])
('P = ', [513.8195190429688, 0.0, 321.70776233910146, 0.0, 0.0, 514.882080078125, 246.63999528418208, 0.0, 0.0, 0.0, 1.0, 0.0])
None
# oST version 5.0 parameters


[image]

width
640

height
480

[narrow_stereo]

camera matrix
503.033207 0.000000 321.571247
0.000000 502.933328 246.484705
0.000000 0.000000 1.000000

distortion
0.161623 -0.273994 0.000343 0.000120 0.000000

rectification
1.000000 0.000000 0.000000
0.000000 1.000000 0.000000
0.000000 0.000000 1.000000

projection
513.819519 0.000000 321.707762 0.000000
0.000000 514.882080 246.639995 0.000000
0.000000 0.000000 1.000000 0.000000


('D = ', [0.161622604358285, -0.2739939131557458, 0.0003430829316272825, 0.00012019994017316955, 0.0])
('K = ', [503.0332069533456, 0.0, 321.5712473375021, 0.0, 502.9333282187785, 246.48470532707395, 0.0, 0.0, 1.0])
('R = ', [1.0, 0.0, 0.0, 0.0, 1.0, 0.0, 0.0, 0.0, 1.0])
('P = ', [513.8195190429688, 0.0, 321.70776233910146, 0.0, 0.0, 514.882080078125, 246.63999528418208, 0.0, 0.0, 0.0, 1.0, 0.0])
None
# oST version 5.0 parameters


[image]

width
640

height
480

[narrow_stereo]

camera matrix
503.033207 0.000000 321.571247
0.000000 502.933328 246.484705
0.000000 0.000000 1.000000

distortion
0.161623 -0.273994 0.000343 0.000120 0.000000

rectification
1.000000 0.000000 0.000000
0.000000 1.000000 0.000000
0.000000 0.000000 1.000000

projection
513.819519 0.000000 321.707762 0.000000
0.000000 514.882080 246.639995 0.000000
0.000000 0.000000 1.000000 0.000000


('D = ', [0.161622604358285, -0.2739939131557458, 0.0003430829316272825, 0.00012019994017316955, 0.0])
('K = ', [503.0332069533456, 0.0, 321.5712473375021, 0.0, 502.9333282187785, 246.48470532707395, 0.0, 0.0, 1.0])
('R = ', [1.0, 0.0, 0.0, 0.0, 1.0, 0.0, 0.0, 0.0, 1.0])
('P = ', [513.8195190429688, 0.0, 321.70776233910146, 0.0, 0.0, 514.882080078125, 246.63999528418208, 0.0, 0.0, 0.0, 1.0, 0.0])
None
# oST version 5.0 parameters


[image]

width
640

height
480

[narrow_stereo]

camera matrix
503.033207 0.000000 321.571247
0.000000 502.933328 246.484705
0.000000 0.000000 1.000000

distortion
0.161623 -0.273994 0.000343 0.000120 0.000000

rectification
1.000000 0.000000 0.000000
0.000000 1.000000 0.000000
0.000000 0.000000 1.000000

projection
513.819519 0.000000 321.707762 0.000000
0.000000 514.882080 246.639995 0.000000
0.000000 0.000000 1.000000 0.000000
